Faa Fbb Fcc Fab Fbc Fac Saa Sbb Scc Sab Sbc Sac Taa Tbb Tcc Tab Tbc Tac
0.015625	0.101562	-0.0390625	-0.078125	-0.0234375	0.0625	0.078125	-0.015625	0.015625	-0.0234375	0.0390625	-0.0546875	-0.0507813	-0.0625	-0.0390625	0.0371094	0.0253906	0.0136719
0.015625	0.03125	0.0390625	-0.00390625	-0.0273438	-0.0117187	0.09375	-0.03125	-0.109375	-0.0859375	0.117188	-0.0078125	0.0664062	0.0703125	0.0390625	-0.0488281	-0.0214844	-0.0175781
0.0859375	0.0625	-0.078125	-0.113281	0.0507812	0.0273438	0.109375	0.015625	0.046875	-0.0390625	0.0234375	-0.0703125	-0.00390625	-0.0078125	0.0195313	0.015625	-0.0078125	-0.0117188
0.0625	0.046875	-0.015625	-0.0625	0.015625	6.66134e-16	-4.44089e-16	0.03125	0.015625	-0.0078125	-0.0234375	0.0078125	0.015625	-2.22045e-16	-0.03125	-0.0234375	0.0234375	0.0078125
0.078125	0.0390625	0.0625	-0.0273438	-0.0117188	-0.0507813	-0.078125	0.015625	0.0625	0.0625	-0.078125	0.015625	0.0195312	0.015625	0.0585938	0.0117187	-0.0273438	-0.03125
-2.22045e-16	0.0703125	0.046875	-0.0117188	-0.0585938	0.0117187	0.125	0.046875	0.09375	-0.0390625	-0.0078125	-0.0859375	0.0429687	-0.00390625	-0.0234375	-0.03125	0.0351563	-0.0117188
0.0078125	0.132812	0.015625	-0.0625	-0.0703125	0.0546875	0.046875	-0.125	0.03125	0.0546875	0.0703125	-0.101563	-0.0195313	-0.0898438	-0.0664063	0.0214844	0.0683594	-0.00195312
0.0625	0.0078125	0.0546875	-0.0078125	-4.44089e-16	-0.0546875	0.171875	0.046875	0.109375	-0.0546875	0.0078125	-0.117188	0.00390625	0.0429687	0.0117187	-0.0175781	-0.0253906	0.0136719
0.0234375	0.0390625	-0.0390625	-0.0507813	0.0117188	0.0273437	-0.0625	0.03125	-0.03125	-2.22045e-16	-0.03125	0.0625	-0.0507812	0	0.03125	0.0410156	-0.0410156	0.00976562
-0.0234375	0.046875	-0.0546875	-0.0390625	-0.0078125	0.0625	0.109375	0.234375	-0.015625	-0.179688	-0.0546875	0.0703125	0.0351562	-0.046875	0.0351562	0.0234375	0.0234375	-0.0585938
-0.0625	0.109375	0.0078125	-0.0195313	-0.0898438	0.0820312	0.078125	-0.09375	-0.15625	-0.0703125	0.164063	-0.0078125	0.0273437	0.0664063	0.03125	-0.03125	-0.0351562	0.00390625
0.0234375	0.046875	0.046875	-0.0117188	-0.0351562	-0.0117188	-0.078125	-0.125	-0.15625	0.0234375	0.101563	0.0546875	-0.0390625	0.015625	-0.0585937	-0.0175781	0.00195312	0.0566406
0.0625	0.0390625	0.0078125	-0.046875	0.0078125	-0.015625	-0.03125	0.078125	-0.046875	-0.046875	-0.03125	0.078125	-0.015625	-0.0507813	-0.0195312	0.0234375	0.0273438	-0.0078125
0.0546875	0.078125	0.117187	-0.0078125	-0.0703125	-0.046875	0.078125	0.15625	0.046875	-0.09375	-0.0625	0.015625	-0.0234375	0.015625	-0.046875	-0.0195312	0.00390625	0.0429687
-0.0234375	0.046875	-0.0234375	-0.0234375	-0.0234375	0.046875	-0.140625	0.140625	0.03125	0.015625	-0.15625	0.125	0.0429687	0.00390625	0	-0.0234375	0.0195313	-0.0195312
0.046875	0.109375	0.0390625	-0.0585938	-0.0507813	0.0117188	0.15625	0.03125	-0.015625	-0.101562	0.0703125	-0.0546875	0.00390625	-0.0117188	0.0351562	0.0214844	-0.00976562	-0.0253906
0.0390625	0.148437	0.0859375	-0.0507812	-0.0976562	0.0117187	-0.03125	-0.109375	-0.125	0.0078125	0.101563	0.0234375	0.0703125	-0.0234375	0.0820312	0.0175781	0.00585937	-0.0878906
0.0625	0.101562	0.117187	-0.0234375	-0.078125	-0.0390625	0.03125	-0.09375	0	0.03125	0.0625	-0.0625	0.0195312	0.015625	-0.0273438	-0.03125	0.015625	0.0117187
0.015625	0.0625	-0.015625	-0.046875	-0.015625	0.03125	0.125	2.22045e-16	-0.03125	-0.078125	0.078125	-0.046875	-0.0429688	-0.03125	-0.0390625	0.0175781	0.0136719	0.0253906
-0.0078125	0.109375	-0.0625	-0.0820313	-0.0273438	0.0898437	-0.0625	-0.0625	-0.046875	0.0390625	0.0234375	0.0234375	0.0117188	-0.0273438	0.0117188	0.0136719	0.0136719	-0.0253906
0.078125	0.046875	0.03125	-0.046875	-2.22045e-16	-0.03125	0.015625	0.0625	-0.03125	-0.0546875	-0.0078125	0.0390625	0.0546875	-0.0273438	0.00390625	-0.0117187	0.0390625	-0.0429688
-0.046875	0.0546875	-0.015625	-0.0117188	-0.0429688	0.0585937	0.125	0.078125	0.09375	-0.0546875	-0.0234375	-0.0703125	-0.0273438	0.0234375	-0.0078125	-0.00195313	-0.0214844	0.0292969
-0.0078125	0.0703125	0	-0.03125	-0.0390625	0.0390625	0.046875	0.078125	-0.078125	-0.101562	0.0234375	0.0546875	0.0117187	-0.00390625	0.0117188	0.00195312	0.00195312	-0.0136719
0.0703125	0.0234375	-0.0546875	-0.0742188	0.0507812	0.00390625	0	0	0.125	0.0625	-0.0625	-0.0625	0.0273437	-0.0234375	-0.0117188	-0.0078125	0.03125	-0.0195313
0.0625	0.109375	-0.0546875	-0.113281	0.00390625	0.0507813	0.109375	-0.046875	0.078125	0.0078125	0.0390625	-0.117188	-0.0429688	-0.03125	0.0859375	0.0800781	-0.0488281	-0.0371094
0.0078125	0.0859375	0.03125	-0.03125	-0.0546875	0.0234375	-0.03125	0.015625	-0.078125	-0.03125	0.015625	0.0625	-0.0234375	0.00390625	-0.0195312	-2.22045e-16	-0.00390625	0.0234375
0.0078125	0.0390625	0.015625	-0.015625	-0.0234375	0.0078125	0	0	0.046875	0.0234375	-0.0234375	-0.0234375	0.0703125	0.0195313	0.0546875	-0.0175781	-0.00195312	-0.0527344
0.03125	0.09375	-0.0078125	-0.0664062	-0.0273438	0.0351562	0.0625	0	0.0625	-4.44089e-16	2.22045e-16	-0.0625	0.0546875	-0.00390625	-6.66134e-16	-0.0253906	0.0292969	-0.0292969
0.09375	0.0390625	0.0546875	-0.0390625	-2.22045e-16	-0.0546875	-0.0625	0.0625	-2.22045e-16	2.22045e-16	-0.0625	0.0625	0.0195313	-0.00390625	0.03125	0.0078125	-0.00390625	-0.0273437
-0.078125	0.0546875	-0.101563	-0.0390625	-0.015625	0.117187	0.09375	-0.046875	-0.03125	-0.0390625	0.0859375	-0.0546875	0.015625	0.0195312	0.0195313	-0.0078125	-0.0117187	-0.0078125
0.0859375	0.0703125	0.0234375	-0.0664062	-0.00390625	-0.0195313	0.171875	0.015625	0.046875	-0.0703125	0.0546875	-0.101563	-0.0195313	0.0234375	0.046875	0.0214844	-0.0449219	-0.00195312
0.117187	0.0234375	0.109375	-0.015625	-0.0078125	-0.101562	-0.203125	-0.015625	-0.03125	0.09375	-0.078125	0.109375	0.0742187	0.0625	0.0585938	-0.0390625	-0.0234375	-0.0351563
0.0546875	0.0390625	0.078125	-0.0078125	-0.03125	-0.046875	-0.046875	0.015625	-0.078125	-0.0234375	0.0078125	0.0703125	0.0195312	5.55112e-16	0.0195312	0	0	-0.0195312
0.101562	0.0546875	0.046875	-0.0546875	2.22045e-16	-0.046875	-0.1875	0.0625	0.03125	0.078125	-0.140625	0.109375	0.03125	0.0390625	0.0195312	-0.0253906	-0.0136719	-0.00585937
-0.0078125	0.0078125	-0.046875	-0.0234375	0.015625	0.03125	0.109375	0.109375	0.046875	-0.0859375	-0.0234375	-0.0234375	0.0234375	0.0195312	0.0429688	2.22045e-16	-0.0195312	-0.0234375
0.03125	0.0859375	0.078125	-0.0195312	-0.0664062	-0.0117188	-0.015625	0.015625	-2.22045e-16	3.33067e-16	-0.015625	0.015625	0.0195313	0.0078125	0.0351562	0.00390625	-0.0117188	-0.0234375
-0.0390625	0.09375	-0.03125	-0.0429688	-0.0507813	0.0820312	0.015625	0.046875	0.15625	0.046875	-0.09375	-0.0625	0.015625	-0.0351562	0.015625	0.0175781	0.0175781	-0.0332031
0.09375	2.22045e-16	0.0078125	-0.0429687	0.0429687	-0.0507813	0.015625	0.09375	0.171875	0.03125	-0.125	-0.046875	0.0195313	0.0195313	0.03125	-0.00390625	-0.015625	-0.015625
0.0625	0.0859375	0.015625	-0.0664062	-0.0195312	0.00390625	-0.078125	0.078125	-0.015625	-0.0078125	-0.0703125	0.0859375	-0.03125	-0.0195313	-0.0429688	0.00390625	0.015625	0.0273437
0.140625	0.078125	0.03125	-0.09375	0.015625	-0.046875	-0.0625	-0.0625	-0.015625	0.0546875	0.0078125	0.0078125	0.0195312	-0.0234375	0.0078125	0.00585938	0.0175781	-0.0253906
-6.66134e-16	0.046875	-0.015625	-0.03125	-0.015625	0.03125	0.0625	-0.03125	-0.125	-0.078125	0.109375	0.015625	0.0507812	0.00390625	-0.0195312	-0.0371094	0.0332031	-0.0136719
0.0078125	0.0390625	-0.078125	-0.0625	0.0234375	0.0546875	0.21875	0.03125	0.046875	-0.101562	0.0703125	-0.117187	-0.0078125	0.0546875	-0.0390625	-0.0429688	-0.0117187	0.0507812
0.0859375	0.0625	-0.015625	-0.0820312	0.0195313	-0.00390625	0.03125	-0.046875	-0.0625	-0.0234375	0.0703125	-0.0078125	0.00390625	0.0351563	0.0195313	-0.00976563	-0.0253906	0.00585938
0.0078125	0.0390625	0.03125	-0.0078125	-0.03125	3.33067e-16	0.09375	-0.03125	0.09375	0.015625	0.015625	-0.109375	0.0390625	0.0351562	0.0273438	-0.0234375	-0.0117188	-0.015625
0.0234375	0.0625	0.0625	-0.0117188	-0.0507813	-0.0117188	0.21875	0.046875	0.1875	-0.0390625	-0.0078125	-0.179688	0.0117187	0.0429687	0.015625	-0.0195313	-0.0234375	0.0078125
0.140625	0.09375	0.03125	-0.101562	0.0078125	-0.0390625	-0.03125	-0.015625	0.171875	0.109375	-0.09375	-0.078125	0.00390625	0.0351562	-6.66134e-16	-0.0195313	-0.015625	0.015625
0.0625	0.0546875	-0.046875	-0.0820312	0.0273438	0.0195313	-0.09375	-0.015625	0.078125	0.09375	-0.078125	2.22045e-16	0.0273438	0.00390625	-0.0078125	-0.0195312	0.015625	-0.0078125
0.0625	0.0625	-0.0625	-0.09375	0.03125	0.03125	0.109375	-0.078125	0.03125	-2.22045e-16	0.078125	-0.109375	-0.0351563	0.0585938	0.0078125	-0.0078125	-0.0507813	0.0429688
0.046875	0.101563	0.046875	-0.0507813	-0.0507813	0.00390625	0.046875	-0.109375	-0.046875	0.0078125	0.101563	-0.0546875	0.0351562	0.0585937	0.0351562	-0.0292969	-0.0292969	-0.00585938
0.0234375	0.0625	0.078125	-0.00390625	-0.0585938	-0.0195313	0.046875	0.078125	-0.078125	-0.101562	0.0234375	0.0546875	0.0820313	0.0234375	0.0195312	-0.0429688	0.0195312	-0.0390625
-0.0390625	0.0390625	-0.046875	-0.0234375	-0.015625	0.0625	-0.015625	-0.09375	0.015625	0.0625	0.03125	-0.046875	0.0117188	0.0351563	0.0429687	-0.00195313	-0.0332031	-0.00976562
0.03125	0.0703125	0.0546875	-0.0234375	-0.046875	-0.0078125	5.55112e-16	0.015625	0.171875	0.078125	-0.09375	-0.078125	0	2.22045e-16	-0.0585937	-0.0292969	0.0292969	0.0292969
0.046875	0.109375	2.22045e-16	-0.078125	-0.03125	0.03125	-0.125	0	-0.078125	0.0234375	-0.0234375	0.101563	0.046875	-0.0351562	0.0117188	-6.66134e-16	0.0351562	-0.046875
0.0234375	0.0078125	-0.046875	-0.0390625	0.03125	0.015625	-0.125	0.03125	-0.0625	0.015625	-0.046875	0.109375	-0.00390625	-0.00390625	0.0117187	0.00976563	-0.00585938	-0.00585937
0.125	0.03125	0.03125	-0.0625	0.03125	-0.0625	0.046875	0.046875	0.0625	-0.015625	-0.03125	-0.03125	-0.0273438	0.015625	-0.0429688	-0.015625	2.22045e-16	0.0429687
0.0703125	0.046875	-0.0390625	-0.078125	0.03125	0.0078125	-0.21875	-0.078125	-0.046875	0.125	-0.046875	0.09375	0.109375	0.0351562	0.015625	-0.0644531	0.0292969	-0.0449219
-0.0078125	0.0078125	-0.0234375	-0.0117187	0.00390625	0.0195313	0.046875	0.0625	-0.046875	-0.078125	0.015625	0.03125	-0.0390625	-0.03125	-0.0234375	0.0234375	0.0078125	0.015625
0.0703125	0.046875	-0.0078125	-0.0625	0.015625	-0.0078125	-0.015625	-0.046875	-0.046875	0.0078125	0.0390625	0.0078125	0.0976563	0.0117187	0.015625	-0.046875	0.0351563	-0.0507813
0	0.117188	0.03125	-0.0429687	-0.0742188	0.0429687	0.0625	-0.0625	-0.15625	-0.078125	0.140625	0.015625	-0.00390625	0.0429688	0.0351562	-0.00195312	-0.0410156	0.00585937
0.09375	0.101562	0.0390625	-0.078125	-0.0234375	-0.015625	0.015625	-0.03125	0.1875	0.101562	-0.0703125	-0.117187	0.0078125	-0.0429688	0.015625	0.0253906	0.0175781	-0.0332031
0.0390625	0.03125	0.0234375	-0.0234375	-0.0078125	-0.015625	-0.078125	0.125	0	-0.0234375	-0.101562	0.101563	-0.078125	-0.00390625	0.0234375	0.0527344	-0.0488281	0.0253906
-0.0234375	0.078125	0.0234375	-0.015625	-0.0625	0.0390625	-0.03125	-0.078125	-0.0625	0.0234375	0.0546875	0.0078125	0.0429687	-0.0234375	-0.0273438	-0.0234375	0.046875	-0.0195312
0.0703125	0.0234375	-0.015625	-0.0546875	0.03125	-0.015625	-0.109375	0.125	0.078125	0.03125	-0.15625	0.078125	0.0429687	0.0742188	-0.03125	-0.0742188	-2.22045e-16	0.03125
0.0546875	0.0703125	-0.0078125	-0.0664062	-0.00390625	0.0117187	0.03125	-0.078125	-0.1875	-0.0703125	0.148437	0.0390625	0.0078125	0.0390625	0.0664063	0.00976562	-0.0488281	-0.0175781
-0.0078125	0.0078125	-0.101562	-0.0507812	0.0429688	0.0585938	0.0625	-0.046875	0.078125	0.03125	0.015625	-0.09375	0.0390625	0.0117188	0.0390625	-0.00585938	-0.00585937	-0.0332031
0.0078125	0.0703125	-2.22045e-16	-0.0390625	-0.03125	0.03125	0.15625	-0.015625	0.0625	-0.0390625	0.0546875	-0.117188	-0.015625	-0.046875	0.0234375	0.0429688	0.00390625	-0.0273438
-2.22045e-16	0.0703125	-0.03125	-0.0507812	-0.0195313	0.0507812	-0.140625	-0.109375	-0.171875	0.0390625	0.0703125	0.101562	0.128906	0.0585938	0.0742188	-0.0566406	-0.00195312	-0.0722656
0.0078125	0.078125	0.0078125	-0.0390625	-0.0390625	0.03125	-0.046875	-0.046875	0.015625	0.0546875	-0.0078125	-0.0078125	-0.0078125	0.0117188	0.0859375	0.0410156	-0.0527344	-0.0332031
-0.0546875	0.0234375	-0.0703125	-0.0195313	-0.00390625	0.0742187	-0.015625	-0.046875	0.140625	0.101563	-0.0546875	-0.0859375	0.046875	-0.0078125	0.0117187	-0.0136719	0.0214844	-0.0332031
0.0546875	0.03125	0.078125	-0.00390625	-0.0273438	-0.0507813	0.078125	0.046875	0.0625	-0.03125	-0.015625	-0.046875	0.0390625	-0.00390625	-0.0625	-0.0488281	0.0527344	0.00976563
0.0390625	0.046875	0.0078125	-0.0390625	-0.0078125	0	0.015625	-0.015625	0.078125	0.0390625	-0.0234375	-0.0546875	0.00390625	0.015625	-0.0195313	-0.0195312	0.00390625	0.015625
-2.22045e-16	0.0390625	2.22045e-16	-0.0195312	-0.0195312	0.0195313	0.0625	-0.109375	-0.015625	0.015625	0.09375	-0.078125	-0.0078125	0.0390625	0.0351563	0.00195312	-0.0410156	0.00585937
0.0078125	0.078125	0.046875	-0.0195312	-0.0585938	0.0117187	0.09375	0.15625	-0.078125	-0.164062	0.0078125	0.0703125	-0.0078125	-0.0195312	0.0234375	0.0253906	-0.00585938	-0.0175781
0.0390625	0.0078125	0.015625	-0.015625	0.0078125	-0.0234375	-0.015625	0.140625	0.03125	-0.046875	-0.09375	0.0625	0.0078125	-0.0195312	-0.0195312	-0.00390625	0.0234375	-0.00390625
-0.0546875	0.015625	-0.046875	-0.00390625	-0.0117188	0.0585938	-0.015625	-0.09375	-0.015625	0.046875	0.046875	-0.03125	-0.0429687	0	-0.0234375	0.00976562	-0.00976563	0.0332031
0.0625	0.0390625	0.0390625	-0.03125	-0.0078125	-0.03125	-0.046875	-0.03125	0.078125	0.078125	-0.046875	-0.03125	0.0585937	0.015625	-0.0351562	-0.0546875	0.0390625	-0.00390625
-0.015625	0.0859375	-4.44089e-16	-0.0351563	-0.0507812	0.0507812	-0.046875	0.09375	0.0625	0.0078125	-0.101562	0.0390625	0.0429688	0.0117187	0.0429687	-0.00585938	-0.00585938	-0.0371094
0.0859375	0.0390625	0.0703125	-0.0273438	-0.0117188	-0.0585938	0.078125	0.015625	0.171875	0.0390625	-0.0546875	-0.117187	0.0390625	0.101563	0.0273437	-0.0566406	-0.0449219	0.0175781
0.03125	0.0546875	-4.44089e-16	-0.0429688	-0.0117187	0.0117188	0.09375	0.015625	-0.046875	-0.078125	0.0625	-0.015625	-0.0351562	-0.0390625	-0.00390625	0.0351562	0.00390625	-2.22045e-16
0.0859375	0.0234375	0.0078125	-0.0507812	0.0273437	-0.0351563	-0.140625	-0.09375	-0.0625	0.0859375	0.0078125	0.0546875	0.0351562	0.09375	0.0273438	-0.0507813	-0.0429688	0.015625
-0.0078125	0.0234375	-2.22045e-16	-0.0078125	-0.015625	0.015625	-0.09375	0.015625	-0.03125	0.0234375	-0.0390625	0.0703125	0.0703125	0.0507812	0.0273437	-0.046875	-0.00390625	-0.0234375
0.0390625	0.03125	0.03125	-0.0195312	-0.0117188	-0.0195313	0	0.09375	-0.015625	-0.0546875	-0.0390625	0.0546875	0.078125	0	0.03125	-0.0234375	0.0234375	-0.0546875
0.0078125	0.0703125	0.015625	-0.03125	-0.0390625	0.0234375	0.03125	-0.0625	-0.015625	0.0078125	0.0546875	-0.0390625	0.0664062	0.0429687	0.0703125	-0.0195312	-0.0234375	-0.046875
0.078125	0.0546875	-0.0390625	-0.0859375	0.03125	0.0078125	-0.078125	0.0625	0.109375	0.0625	-0.125	0.015625	0.03125	0.03125	0.0585937	-0.00195312	-0.0292969	-0.0292969
0.078125	0.0546875	0.109375	-0.0117188	-0.0429688	-0.0664062	0.015625	2.22045e-16	0.0625	0.0234375	-0.0234375	-0.0390625	0.03125	-0.00390625	-0.0117187	-0.0195312	0.0234375	-0.0117187
-0.03125	0.117187	0.078125	-0.00390625	-0.113281	0.0351563	0.046875	0.03125	0.078125	2.22045e-16	-0.03125	-0.046875	-0.03125	-0.0273438	-0.0273438	0.015625	0.0117187	0.015625
0.0390625	0.0234375	3.33067e-16	-0.03125	0.0078125	-0.0078125	0.046875	0.09375	0.078125	-0.03125	-0.0625	-0.015625	-0.0078125	0.0273437	0.0625	0.0214844	-0.0488281	-0.0136719
0.0234375	0.015625	0.0078125	-0.015625	0	-0.0078125	-0.046875	0.015625	-0.015625	0.0078125	-0.0234375	0.0390625	0.0273438	0.0234375	0.0507813	-4.44089e-16	-0.0234375	-0.0273438
0.015625	0.03125	-0.0859375	-0.0664062	0.0351562	0.0507813	-0.03125	-0.09375	-0.09375	0.015625	0.078125	0.015625	-0.0546875	-0.015625	-0.046875	0.0117187	0.00390625	0.0429687
0.046875	0.03125	0.0546875	-0.0117188	-0.0195312	-0.0351563	0.03125	3.33067e-16	0.140625	0.0546875	-0.0546875	-0.0859375	-0.0117188	-0.0195313	-0.0117188	0.00976562	0.00976562	0.00195312
2.22045e-16	0.0625	0.046875	-0.0078125	-0.0546875	0.0078125	-0.09375	0.03125	-0.046875	0.0078125	-0.0390625	0.0859375	0.078125	0.0351563	0.0742187	-0.0195312	-0.015625	-0.0585938
0	0.015625	-0.0234375	-0.0195312	0.00390625	0.0195313	0.0625	0.109375	0.109375	-0.03125	-0.078125	-0.03125	0.0625	0.0625	0.0664062	-0.0292969	-0.0332031	-0.0332031
0.078125	0.0078125	0.0546875	-0.015625	0.0078125	-0.0625	0.03125	0.1875	0.03125	-0.09375	-0.09375	0.0625	0.046875	0	0.0429688	-0.00195313	0.00195312	-0.0449219
0.0625	0.015625	-0.0390625	-0.0585938	0.0429687	-0.00390625	0.0625	0.265625	0.203125	-0.0625	-0.203125	0	0.0078125	-4.44089e-16	-0.03125	-0.0195312	0.0195313	0.0117187
0.046875	0.0625	0.0703125	-0.0195312	-0.0429688	-0.0273438	0.109375	0.015625	0.078125	-0.0234375	0.0078125	-0.0859375	0.0195312	-0.0351563	-0.0234375	-0.00390625	0.0390625	-0.015625
-0.0234375	0.03125	-0.0234375	-0.015625	-0.015625	0.0390625	0.0625	0.046875	-0.0625	-0.0859375	0.0390625	0.0234375	0.0273437	0.0585937	0.0273438	-0.0292969	-0.0292969	0.00195313
0.0703125	0.0390625	0.0859375	-0.0117187	-0.0273438	-0.0585937	-2.22045e-16	0.140625	0.09375	-0.0234375	-0.117188	0.0234375	0.00390625	0.046875	0.00390625	-0.0234375	-0.0234375	0.0195313
0.03125	0.046875	0.03125	-0.0234375	-0.0234375	-0.0078125	0.078125	0.109375	0.078125	-0.0546875	-0.0546875	-0.0234375	-0.0351563	-0.00390625	-0.046875	-0.00390625	0.0078125	0.0390625
0.0703125	0.0625	0.101563	-0.015625	-0.046875	-0.0546875	0	0.171875	0.046875	-0.0625	-0.109375	0.0625	-0.015625	-0.0078125	0.015625	0.0195312	-0.0117188	-0.00390625
0.109375	0.0078125	-0.0546875	-0.0859375	0.078125	-0.0234375	-0.09375	0.015625	0.09375	0.0859375	-0.101562	0.0078125	0.0546875	-0.00390625	0.03125	-0.00976563	0.0136719	-0.0449219
0.117188	0.0546875	-0.046875	-0.109375	0.0546875	-0.0078125	-0.0625	3.33067e-16	-0.09375	-0.015625	0.015625	0.078125	-0.0390625	0.00390625	0.0820312	0.0585938	-0.0625	-0.0195313
0.015625	0.0234375	-0.078125	-0.0585938	0.0351562	0.0429687	0.09375	-0.09375	-4.44089e-16	-2.22045e-16	0.09375	-0.09375	0.0429688	0.015625	0	-0.0292969	0.0136719	-0.0136719
0.03125	0.078125	0.078125	-0.015625	-0.0625	-0.015625	-0.03125	0	0.046875	0.0390625	-0.0390625	-0.0078125	0.0429688	0.0390625	-0.00390625	-0.0429688	0.00390625	-2.22045e-16
0.0625	0.109375	0.078125	-0.046875	-0.0625	-0.015625	-0.015625	0.015625	-0.109375	-0.0546875	0.0390625	0.0703125	0.0273438	0.0078125	0.00390625	-0.015625	0.0078125	-0.0117188
3.33067e-16	0.015625	-0.0234375	-0.0195313	0.00390625	0.0195312	-0.03125	0.09375	-0.046875	-0.0546875	-0.0390625	0.0859375	0.0507812	0.0351562	0.0585937	-0.0136719	-0.0214844	-0.0371094
0.09375	0.046875	0.0390625	-0.0507812	0.00390625	-0.0429688	-0.03125	2.22045e-16	-0.109375	-0.0390625	0.0390625	0.0703125	0.0195312	0.015625	0.0390625	0.00195312	-0.0175781	-0.0214844
0.0703125	0.0234375	0.078125	-0.0078125	-0.015625	-0.0625	-0.078125	-2.22045e-16	-0.140625	-0.03125	0.03125	0.109375	0.0625	0.0117188	0.0351563	-0.0195312	0.0078125	-0.0429688
0.015625	0.03125	-0.0546875	-0.0507813	0.0195313	0.0351563	0.078125	-0.03125	0.109375	0.03125	-2.22045e-16	-0.109375	-0.0742187	-0.0429687	-0.0742188	0.0214844	0.0214844	0.0527344
-0.0078125	0.0234375	-0.078125	-0.046875	0.0234375	0.0546875	0.015625	-0.078125	-0.171875	-0.0546875	0.132813	0.0390625	-0.0195313	0.0546875	0.0390625	0.00195313	-0.0566406	0.0175781
0.03125	0.046875	-0.0234375	-0.0507812	0.00390625	0.0195313	0.015625	0.125	-0.0625	-0.101563	-0.0234375	0.0859375	0.0234375	-0.0234375	-0.0664063	-0.0332031	0.0566406	0.00976562
0.015625	0.03125	0.0390625	-0.00390625	-0.0273438	-0.0117188	0.21875	0.046875	-0.03125	-0.148438	0.101563	-0.0703125	0.0429688	-0.0078125	0.0273438	-0.00390625	0.0117188	-0.0390625
0	0.0859375	5.55112e-16	-0.0429688	-0.0429688	0.0429687	-0.1875	-0.046875	-0.046875	0.09375	-0.046875	0.09375	0.09375	0.046875	0.0625	-0.0390625	-0.0078125	-0.0546875
-0.03125	0.0078125	-0.046875	-0.0117188	0.00390625	0.0429687	0.03125	0.0625	-0.0625	-0.078125	0.015625	0.046875	-0.0390625	0.0585937	0.0585937	0.0195312	-0.078125	0.0195312
-0.0078125	0.0859375	-0.109375	-0.09375	0.0078125	0.101562	-0.046875	0.109375	-2.22045e-16	-0.03125	-0.078125	0.078125	0.0585938	0.0195312	0.03125	-0.0234375	0.00390625	-0.0351563
0.0625	0.03125	-0.0390625	-0.0664062	0.0351562	0.00390625	0.046875	-0.09375	0.03125	0.0390625	0.0546875	-0.0859375	0.0390625	-0.0507812	-0.046875	-0.0175781	0.0683594	-0.0214844
-0.0234375	0.0625	-0.015625	-0.0273438	-0.0351563	0.0507812	-0.03125	0.03125	-0.046875	-0.0234375	-0.0078125	0.0546875	0.0429688	0.00390625	0.0976562	0.0253906	-0.0292969	-0.0683594
0.046875	2.22045e-16	-0.0546875	-0.0507813	0.0507812	0.00390625	-0.015625	0.015625	0.03125	0.015625	-0.03125	0	-0.015625	-0.015625	-0.00390625	0.0136719	0.00195313	0.00195312
-0.0390625	0.03125	-0.03125	-0.0117188	-0.0195312	0.0507813	0.03125	0.125	-0.015625	-0.0859375	-0.0390625	0.0546875	2.22045e-16	0.00390625	-0.0195313	-0.0117188	0.0078125	0.0117188
0.03125	0.0234375	-0.101562	-0.078125	0.0546875	0.046875	0.078125	-0.0625	0.09375	0.0390625	0.0234375	-0.117187	0.0703125	-0.0273437	-0.0195313	-0.03125	0.0585938	-0.0390625
-0.0234375	0.046875	-0.078125	-0.0507813	0.00390625	0.0742188	0.1875	0.046875	0.03125	-0.101562	0.0546875	-0.0859375	-0.0585938	-4.44089e-16	-0.015625	0.0214844	-0.0214844	0.0371094
-0.0390625	0.0078125	-0.046875	-0.0078125	-2.22045e-16	0.046875	-0.125	0.03125	0.046875	0.0703125	-0.101562	0.0546875	0.078125	-0.00390625	0.0351562	-0.0195312	0.0234375	-0.0585937
0.0625	0.046875	0.09375	-0.0078125	-0.0390625	-0.0546875	0.09375	-0.046875	-0.203125	-0.125	0.171875	0.03125	-0.0351562	0.09375	0.0390625	-0.00976563	-0.0839844	0.0449219
0.0859375	0.117188	-0.015625	-0.109375	-0.0078125	0.0234375	0.015625	-0.109375	-0.046875	0.0234375	0.0859375	-0.0390625	0.0234375	0.03125	0.03125	-0.0117188	-0.0195312	-0.0117187
-0.0625	0.0234375	-0.0546875	-0.0078125	-0.015625	0.0703125	-0.015625	-4.44089e-16	0.015625	0.015625	-0.015625	0	0.046875	0.0273438	0.09375	0.00976562	-0.0371094	-0.0566406
0.0546875	0.0703125	-0.0078125	-0.0664063	-0.00390625	0.0117188	0.03125	0.140625	-0.046875	-0.109375	-0.03125	0.078125	0.0703125	0.0195313	0.0898438	-2.22045e-16	-0.0195313	-0.0703125
0.117188	0.0859375	-0.0546875	-0.128906	0.0429688	0.0117187	-0.171875	-0.1875	0.03125	0.195313	-0.0078125	-0.0234375	-0.0078125	0.0234375	0.015625	-2.22045e-16	-0.0234375	0.0078125
-0.015625	0.125	0.0703125	-0.0195313	-0.105469	0.0351562	-0.015625	-0.140625	0.0625	0.109375	0.03125	-0.09375	0.0078125	0.046875	-0.046875	-0.0507812	0.00390625	0.0429687
0.015625	0.03125	0	-0.0234375	-0.0078125	0.0078125	2.22045e-16	-0.0625	-0.03125	0.015625	0.046875	-0.015625	-0.0351563	-0.0234375	-0.0195312	0.0195312	0.00390625	0.015625
0.015625	0.0234375	0.03125	-0.00390625	-0.0195312	-0.0117187	-0.03125	-0.015625	0.046875	0.046875	-0.03125	-0.015625	-0.0351563	-0.015625	0.0546875	0.0527344	-0.0371094	-0.0175781
0.046875	0.03125	-0.0390625	-0.0585938	0.0273438	0.0117187	0.09375	2.22045e-16	0.0625	-0.015625	0.015625	-0.078125	0.0117187	-0.0820313	-0.00390625	0.0332031	0.0488281	-0.0449219
0.0625	0.0390625	0.046875	-0.0273437	-0.0117188	-0.0351562	-0.0625	0.109375	0.078125	0.015625	-0.125	0.046875	0.0742188	0.0234375	0.0742188	-0.0117188	-0.0117188	-0.0625
0.117188	0.164063	0.015625	-0.132812	-0.03125	0.015625	-0.109375	-0.140625	-0.0625	0.09375	0.046875	0.015625	0.0820313	0.00390625	0.0820313	-0.00195313	-0.00195312	-0.0800781
0.078125	0.0546875	0.0625	-0.0351563	-0.0195312	-0.0429688	0.0625	-0.0625	-4.44089e-16	-2.22045e-16	0.0625	-0.0625	-0.015625	0.00390625	0.0703125	0.0410156	-0.0449219	-0.0253906
0.140625	0.046875	0	-0.09375	0.046875	-0.046875	-0.015625	0.109375	0.0625	-0.015625	-0.09375	0.03125	-0.0234375	-0.0273438	0.0273438	0.0390625	-0.0117187	-0.015625
-0.0234375	0.03125	-0.015625	-0.0117188	-0.0195312	0.0351562	-0.09375	0.015625	-4.44089e-16	0.0390625	-0.0546875	0.0546875	0.0429687	0.03125	0.0507813	-0.0117188	-0.0195312	-0.03125
0.148437	0.132813	0.109375	-0.0859375	-0.046875	-0.0625	-0.125	-0.109375	-0.125	0.0546875	0.0546875	0.0703125	0.015625	-0.00390625	0.0078125	-0.00195312	0.00585937	-0.0136719
0.117188	0.0078125	0.078125	-0.0234375	0.015625	-0.09375	-0.046875	0.078125	0.015625	-0.0078125	-0.0703125	0.0546875	-0.00390625	0.0507812	0.0273438	-0.00976563	-0.0410156	0.0136719
-0.015625	0.015625	-0.0234375	-0.0117187	-0.00390625	0.0273438	0.078125	5.55112e-16	-0.046875	-0.0625	0.0625	-0.015625	0.0117188	0.03125	-0.015625	-0.0292969	-0.00195312	0.0175781
0.0859375	0.0703125	0.0859375	-0.0351562	-0.0351563	-0.0507812	-0.078125	-0.015625	-0.0625	0.015625	2.22045e-16	0.0625	0.0507813	0.0234375	0.0898438	0.0078125	-0.03125	-0.0585937
0.03125	0.03125	-0.0625	-0.0625	0.03125	0.03125	0.03125	-0.046875	-0.03125	-0.0078125	0.0546875	-0.0234375	-0.015625	0.0117188	0.00390625	0.00390625	-0.015625	0.0117188
-0.0078125	0.03125	-4.44089e-16	-0.0117188	-0.0195312	0.0195312	0.078125	0.03125	0.203125	0.046875	-0.078125	-0.125	0.0234375	-0.00390625	0.0234375	0.00195313	0.00195313	-0.0253906
0.0625	0.109375	0.046875	-0.0625	-0.046875	2.22045e-16	-0.015625	-0.03125	0.03125	0.0390625	-0.0078125	-0.0234375	-0.0195312	-0.00390625	-0.0273438	-0.00195312	0.00585937	0.0214844
0.078125	0.0078125	0.0703125	-0.0078125	3.33067e-16	-0.0703125	-0.03125	0.015625	-0.078125	-0.03125	0.015625	0.0625	-2.22045e-16	0	0.0273437	0.0136719	-0.0136719	-0.0136719
0.0390625	0.0390625	-0.015625	-0.046875	0.0078125	0.0078125	0	-0.0625	-0.09375	-0.015625	0.078125	0.015625	-0.0195312	0.0273438	-0.0078125	-0.0078125	-0.0195312	0.0273437
-0.03125	0.109375	0.03125	-0.0234375	-0.0859375	0.0546875	-2.22045e-16	0.078125	5.55112e-16	-0.0390625	-0.0390625	0.0390625	-0.0390625	0.00390625	-0.0195312	0.0078125	-0.0117188	0.03125
0.0390625	0.0546875	0.0390625	-0.0273438	-0.0273438	-0.0117188	0.09375	-0.046875	-0.109375	-0.078125	0.125	-0.015625	0.03125	0.0976562	0.0351562	-0.046875	-0.0507813	0.015625
0.0859375	0.109375	0.101563	-0.046875	-0.0625	-0.0390625	0.03125	0.078125	-0.09375	-0.101562	0.0234375	0.0703125	0.0507812	0.0195312	0.0351562	-0.0175781	-0.00195312	-0.0332031
-0.015625	0.03125	-0.046875	-0.03125	-4.44089e-16	0.046875	-0.078125	0.078125	-0.046875	-0.0234375	-0.0546875	0.101562	-0.0078125	-0.0273438	0.0625	0.0488281	-0.0214844	-0.0410156
-0.0234375	0.0390625	-0.0078125	-0.0117188	-0.0273438	0.0351562	-0.0625	-0.015625	0.015625	0.046875	-0.03125	0.015625	-0.015625	-0.0429688	-0.0546875	0.00195312	0.0410156	0.0136719
-0.046875	0.046875	-0.0078125	-0.00390625	-0.0429688	0.0507813	0.078125	0.0625	0.03125	-0.0546875	-0.0078125	-0.0234375	0.0664063	-0.0078125	0.0351562	-0.0117188	0.0195313	-0.0546875
-0.03125	0.0625	-0.03125	-0.03125	-0.03125	0.0625	-0.0625	0.03125	0.0625	0.046875	-0.078125	0.015625	0.0429688	0	-0.0117187	-0.0273438	0.0273438	-0.015625
0.015625	0.0546875	0	-0.0351562	-0.0195312	0.0195313	-0.078125	-0.1875	-0.078125	0.09375	0.09375	-0.015625	0.0234375	0.0625	0.0546875	-0.015625	-0.046875	-0.0078125
0.0078125	0.03125	-0.0390625	-0.0390625	0.0078125	0.03125	-0.015625	2.22045e-16	-0.109375	-0.046875	0.046875	0.0625	-0.0429688	-0.0273438	-0.09375	-0.0117188	0.0390625	0.0546875
0.046875	0.09375	0.03125	-0.0546875	-0.0390625	0.0078125	-0.171875	-2.22045e-16	0.046875	0.109375	-0.109375	0.0625	0.046875	-0.0234375	0.0078125	-0.0078125	0.03125	-0.0390625
0.0625	0.0390625	0.0078125	-0.046875	0.0078125	-0.015625	0.015625	2.22045e-16	0.125	0.0546875	-0.0546875	-0.0703125	-0.00390625	0.0117188	0.046875	0.0195312	-0.03125	-0.015625
-4.44089e-16	0.0625	-0.0234375	-0.0429688	-0.0195313	0.0429687	-0.0625	0.109375	0.140625	0.046875	-0.15625	0.015625	-0.0117188	-0.0625	0.0351563	0.0546875	0.0078125	-0.0429688
0.03125	0.015625	-0.0234375	-0.0351562	0.0195312	0.00390625	-0.046875	-0.140625	-0.046875	0.0703125	0.0703125	-0.0234375	-0.0664062	0.0351563	0.0546875	0.0429688	-0.078125	0.0234375
0.0234375	0.078125	0.0625	-0.0195312	-0.0585938	-0.00390625	-0.03125	-0.0625	0.140625	0.117188	-0.0546875	-0.0859375	0.0507812	-0.0117188	0.0390625	0	0.0117188	-0.0507812
0.0234375	0.0625	0.0546875	-0.015625	-0.046875	-0.0078125	-0.015625	-0.015625	-0.09375	-0.03125	0.046875	0.046875	-0.015625	-0.0625	-0.0507813	0.0136719	0.0488281	0.00195313
0.0390625	0.0546875	0.078125	-0.0078125	-0.046875	-0.03125	0.0625	0.140625	0.09375	-0.0546875	-0.0859375	-0.0078125	-0.0117188	-0.0078125	-0.0625	-0.0214844	0.0292969	0.0332031
0.09375	0.0703125	0.046875	-0.0585938	-0.0117187	-0.0351563	-0.046875	0.109375	0.046875	-0.0078125	-0.101562	0.0546875	0.0195313	-0.0078125	-0.0585937	-0.0351563	0.0429687	0.015625
0.117187	0.0390625	-4.44089e-16	-0.078125	0.0390625	-0.0390625	-0.09375	-0.03125	-0.015625	0.0546875	-0.0234375	0.0390625	0.0429688	-0.0117187	-0.00390625	-0.0175781	0.0292969	-0.0253906
0.0859375	0.03125	0.0546875	-0.03125	3.33067e-16	-0.0546875	0.046875	0.0625	2.22045e-16	-0.0546875	-0.0078125	0.0078125	0.00390625	0.00390625	-0.0078125	-0.0078125	0.00390625	0.00390625
0.0546875	0.078125	0.0234375	-0.0546875	-0.0234375	2.22045e-16	-0.03125	0.0625	-0.171875	-0.101562	0.0390625	0.132813	0.00390625	0.00390625	0.0195313	0.00585938	-0.00976563	-0.00976563
-4.44089e-16	0.0390625	0.03125	-0.00390625	-0.0351562	0.00390625	0.0625	-0.015625	0.03125	-0.0078125	0.0234375	-0.0546875	0.0625	0.03125	0.0429687	-0.0253906	-0.00585938	-0.0371094
0.03125	0.0703125	-2.22045e-16	-0.0507813	-0.0195312	0.0195313	-0.125	-0.234375	-0.03125	0.164063	0.0703125	-0.0390625	0.105469	0.0859375	0.0507812	-0.0703125	-0.015625	-0.0351562
0.015625	0.0390625	-0.0546875	-0.0546875	0.015625	0.0390625	0.125	-0.125	-0.015625	-0.0078125	0.132812	-0.117188	-0.0195312	-0.0742188	0.03125	0.0625	0.0117187	-0.0429687
0.0859375	0.015625	-4.44089e-16	-0.0507812	0.0351562	-0.0351562	-0.125	0.015625	0.046875	0.078125	-0.09375	0.046875	-0.0351562	-0.0546875	0.0078125	0.0488281	0.00585937	-0.0136719
0.015625	0.078125	-0.046875	-0.0703125	-0.0078125	0.0546875	0.09375	0.09375	0.046875	-0.0703125	-0.0234375	-0.0234375	-0.0234375	0.015625	-0.0351562	-0.0136719	-0.00195312	0.0371094
-0.046875	0.03125	-0.0390625	-0.0117188	-0.0195312	0.0585938	0.03125	0.015625	-0.015625	-0.03125	0.015625	-2.22045e-16	-0.03125	-0.0234375	-0.0351563	0.00976563	0.0136719	0.0214844
0.015625	0.0390625	-0.03125	-0.0429688	0.00390625	0.0273438	-0.15625	0.109375	0.0625	0.0546875	-0.164063	0.101563	0.0585938	-0.0546875	0.00390625	0	0.0546875	-0.0585937
0.0390625	0.0703125	0.101563	-0.00390625	-0.0664063	-0.0351563	0.03125	-0.03125	-2.22045e-16	2.22045e-16	0.03125	-0.03125	-0.0742187	0.00390625	-0.0195312	0.0253906	-0.0292969	0.0488281
0.117188	0.03125	0.03125	-0.0585938	0.0273438	-0.0585937	-2.22045e-16	0.03125	-0.03125	-0.03125	2.22045e-16	0.03125	0.0273438	0.0507812	0.0585938	-0.00976563	-0.0410156	-0.0175781
-0.0078125	0.03125	-0.109375	-0.0664062	0.0351563	0.0742188	0.078125	0.203125	0.15625	-0.0625	-0.140625	-0.015625	-0.0117187	0.0195313	-0.0234375	-0.015625	-0.00390625	0.0273438
0	0.0859375	0.03125	-0.0273438	-0.0585937	0.0273438	-0.109375	0.09375	-0.1875	-0.0859375	-0.0078125	0.195312	0.0195313	-0.0429688	-0.0351562	-0.00585937	0.0488281	-0.0136719
0.0546875	0.0859375	0.0390625	-0.0507813	-0.0351562	-0.00390625	-0.03125	-0.09375	0.015625	0.0703125	0.0234375	-0.0390625	0.00390625	0.015625	0.0390625	0.00976563	-0.0253906	-0.0136719
-0.0078125	0.078125	0.03125	-0.0195312	-0.0585938	0.0273438	0.15625	0.015625	0.015625	-0.078125	0.0625	-0.078125	-4.44089e-16	-0.0625	0.03125	0.046875	0.015625	-0.046875
0.03125	0.0234375	0.015625	-0.0195312	-0.00390625	-0.0117188	-0.03125	0.109375	0.03125	-0.0234375	-0.0859375	0.0546875	-0.03125	-4.44089e-16	2.22045e-16	0.015625	-0.015625	0.015625
0.0546875	0.0234375	0.0703125	-0.00390625	-0.0195312	-0.0507812	-0.03125	0.046875	-2.22045e-16	-0.0078125	-0.0390625	0.0390625	0.0625	0.0703125	0.0820312	-0.0253906	-0.0449219	-0.0371094
0.101562	0.0625	0.109375	-0.0273438	-0.0351563	-0.0742188	-0.046875	-0.171875	-0.140625	0.0390625	0.132812	0.0078125	-0.0117188	-0.0078125	0.0273438	0.0234375	-0.015625	-0.0117188
-0.015625	0.0390625	-0.0703125	-0.046875	0.0078125	0.0625	0.0625	0.1875	-0.09375	-0.171875	-0.015625	0.109375	0.0664063	0.03125	0.0429688	-0.0273437	-0.00390625	-0.0390625
0	0.148437	-0.0078125	-0.078125	-0.0703125	0.078125	0.046875	-0.046875	-0.015625	-0.0078125	0.0546875	-0.0390625	-0.0351562	-0.0390625	0.046875	0.0605469	-0.0214844	-0.0253906
0.0859375	0.0234375	0.0703125	-0.0195312	-0.00390625	-0.0664062	0.015625	0.03125	-0.03125	-0.0390625	0.0078125	0.0234375	-0.0078125	-0.015625	-0.0195313	0.00195313	0.0136719	0.00585937
0.0703125	0.03125	0.0859375	-0.0078125	-0.0234375	-0.0625	0.0625	0.078125	0.046875	-0.046875	-0.03125	-0.015625	0.0117188	-0.00390625	0.0117187	0.00195313	0.00195312	-0.0136719
0.03125	0.125	0.015625	-0.0703125	-0.0546875	0.0390625	-2.22045e-16	-0.109375	0.078125	0.09375	0.015625	-0.09375	0.0507813	-0.00390625	0.0507812	0.00195312	0.00195312	-0.0527344
0.0625	0.0390625	0.0390625	-0.03125	-0.0078125	-0.03125	0.03125	-0.078125	0.15625	0.101562	-0.0234375	-0.132813	-0.03125	-0.0585937	-0.0703125	0.00976562	0.0488281	0.0214844
0.015625	0.078125	-0.015625	-0.0546875	-0.0234375	0.0390625	0.03125	0.046875	0.140625	0.03125	-0.078125	-0.0625	-0.0117188	-0.0273438	0.015625	0.0273438	-4.44089e-16	-0.015625
0.03125	0.109375	0.0859375	-0.0273438	-0.0820313	-0.00390625	0.09375	-0.015625	0.078125	-2.22045e-16	0.015625	-0.09375	0.03125	-0.0546875	0.0273438	0.0253906	0.0292969	-0.0566406
-0.0703125	0.0625	-0.0390625	-0.015625	-0.046875	0.0859375	-0.0625	0.015625	-0.0625	-0.0078125	-0.0078125	0.0703125	-0.0820312	0.0351562	-0.03125	0.0078125	-0.0429687	0.0742188
0.03125	0.0859375	0.0546875	-0.03125	-0.0546875	5.55112e-16	0.03125	0.015625	-0.046875	-0.046875	0.03125	0.015625	0.0195313	0.0117188	0.0429687	0.00585938	-0.0175781	-0.0253906
-0.0234375	0.0234375	-0.0234375	-0.0117187	-0.0117188	0.0351563	0.109375	0.0625	0.1875	0.0078125	-0.0703125	-0.117188	-0.03125	-0.03125	0.0195313	0.0410156	-0.00976563	-0.00976563
0.0703125	0.0703125	-0.03125	-0.0859375	0.015625	0.015625	-0.015625	-0.046875	0.125	0.09375	-0.046875	-0.078125	0.0625	0.046875	0.0546875	-0.0273438	-0.0195312	-0.0351563
0.0546875	0.046875	0.0703125	-0.015625	-0.03125	-0.0390625	-0.0625	0.0625	-0.15625	-0.078125	0.015625	0.140625	0.0234375	2.22045e-16	0.132812	0.0546875	-0.0546875	-0.078125
0.0625	0.0625	0.0078125	-0.0585938	-0.00390625	-0.00390625	-0.046875	-0.140625	-0.03125	0.078125	0.0625	-0.03125	0.015625	0.046875	0.0703125	0.00390625	-0.0507813	-0.0195313
0.03125	0.046875	0.03125	-0.0234375	-0.0234375	-0.0078125	0.09375	0.046875	0.09375	-0.0234375	-0.0234375	-0.0703125	-0.046875	0.0195313	0	0.0136719	-0.0332031	0.0332031
0.0234375	0.015625	-0.0703125	-0.0546875	0.0390625	0.03125	-0.015625	-2.22045e-16	0.078125	0.046875	-0.046875	-0.03125	0.0585937	-0.0351562	0.078125	0.0273438	0.0078125	-0.0859375
0.0078125	0.0625	0.0234375	-0.0234375	-0.0390625	0.015625	0.078125	0.03125	0.09375	-0.0078125	-0.0234375	-0.0703125	-0.015625	-0.0546875	-0.0546875	0.0078125	0.046875	0.0078125
0.046875	2.22045e-16	0.0078125	-0.0195313	0.0195312	-0.0273438	-0.078125	-0.09375	-0.03125	0.0703125	0.0234375	0.0078125	-0.03125	0.0195312	-0.015625	-0.00195312	-0.0175781	0.0332031
-0.046875	0.0859375	-0.0078125	-0.0234375	-0.0625	0.0703125	0.09375	-0.15625	-0.0625	-4.44089e-16	0.15625	-0.09375	0.03125	-2.22045e-16	0.0546875	0.0117188	-0.0117187	-0.0429687
-0.015625	0.0546875	0.0078125	-0.015625	-0.0390625	0.03125	0.0625	-0.046875	-0.078125	-0.046875	0.09375	-0.015625	0.0273438	-0.03125	-0.0117187	-0.00390625	0.0351563	-0.0234375
0.0546875	0.109375	0.125	-0.0195313	-0.0898438	-0.0351562	-0.03125	0.0625	-0.140625	-0.0859375	0.0234375	0.117187	0.0507812	-0.0351563	0.0820313	0.0332031	0.00195313	-0.0839844
0.09375	0.046875	-0.109375	-0.125	0.078125	0.03125	0.03125	2.22045e-16	-0.015625	-0.0234375	0.0234375	-0.0078125	-0.03125	0.0195312	0.0078125	0.00976562	-0.0292969	0.0214844
0.0390625	0.0625	-0.0078125	-0.0546875	-0.0078125	0.015625	0.015625	0.046875	0.078125	0.0078125	-0.0546875	-0.0234375	-0.00390625	0.0585938	0.0390625	-0.0078125	-0.0507813	0.0117188
0.0625	0.0703125	0.0390625	-0.046875	-0.0234375	-0.015625	-0.046875	-0.09375	0.03125	0.0859375	0.0078125	-0.0390625	0.03125	0.03125	0.0273438	-0.0175781	-0.0136719	-0.0136719
0.015625	0.09375	-2.22045e-16	-0.0546875	-0.0390625	0.0390625	-4.44089e-16	0.109375	0.078125	-0.015625	-0.09375	0.015625	-0.015625	-0.0117187	-0.015625	0.00585938	0.00585937	0.00976562
0.0234375	0.148437	0.0546875	-0.0585937	-0.0898438	0.0351563	-0.015625	0	-0.015625	2.22045e-16	3.33067e-16	0.015625	0.0078125	0.0234375	0.00390625	-0.0136719	-0.00976563	0.00585937
0.0703125	0.109375	-0.015625	-0.0976563	-0.0117188	0.0273437	-4.44089e-16	-0.03125	-0.03125	3.33067e-16	0.03125	-4.44089e-16	-0.00390625	0.0195312	0.0429687	0.0136719	-0.0332031	-0.00976563
-0.0390625	0.0234375	-0.0234375	-0.00390625	-0.0195312	0.0429688	0.140625	0.0625	0.0625	-0.0703125	0.0078125	-0.0703125	0.0273437	-0.0429688	-0.0117188	0.00195312	0.0410156	-0.0292969
0.101562	0.171875	0.101562	-0.0859375	-0.0859375	-0.015625	0.046875	-0.0625	-0.046875	-0.015625	0.078125	-0.03125	0.0195313	-0.0078125	0.0117188	0	0.0078125	-0.0195312
0.09375	0.101563	0	-0.0976562	-0.00390625	0.00390625	-0.125	0.046875	-0.03125	0.0234375	-0.0703125	0.101563	0.0585938	0.015625	0.0351562	-0.0195312	0.00390625	-0.0390625
0.0390625	0.046875	0.0546875	-0.015625	-0.03125	-0.0234375	0.0625	-0.09375	0.109375	0.0703125	0.0234375	-0.132813	-0.0664062	-0.0117187	-0.015625	0.03125	-0.0195313	0.0351563
0.0078125	0.0234375	0.0078125	-0.0117188	-0.0117188	0.00390625	-2.22045e-16	0.109375	0.109375	2.22045e-16	-0.109375	-2.22045e-16	0.0234375	-0.00390625	0.0585938	0.0195313	-0.015625	-0.0429688
0.0859375	0.09375	0.0234375	-0.078125	-0.015625	-0.0078125	0.078125	-2.22045e-16	0.125	0.0234375	-0.0234375	-0.101562	0.0390625	0.046875	0.0664063	-0.00976562	-0.0371094	-0.0292969
0.0546875	0.09375	0.0390625	-0.0546875	-0.0390625	-4.44089e-16	0.0625	-0.140625	0.171875	0.125	0.015625	-0.1875	0.015625	0.0625	-0.0117187	-0.0449219	-0.0175781	0.0292969
0.015625	2.22045e-16	-0.132813	-0.0742188	0.0742188	0.0585938	0.09375	0.109375	0.140625	-0.03125	-0.078125	-0.0625	0.0273438	0.0429688	-0.0195312	-0.0449219	0.00195312	0.0175781
0.03125	0.078125	0.046875	-0.03125	-0.046875	2.22045e-16	-0.234375	-0.046875	-0.21875	0.03125	0.015625	0.203125	0.0234375	-0.0195313	-0.0117188	-0.0078125	0.0273438	-0.015625
0.0234375	0.0859375	-0.046875	-0.078125	-0.0078125	0.0546875	-0.03125	-0.03125	-0.109375	-0.0234375	0.0546875	0.0546875	-4.44089e-16	-0.015625	0.0390625	0.0273437	-0.0117188	-0.0273438
0.078125	0.0390625	0.0546875	-0.03125	-0.0078125	-0.046875	-0.015625	0.046875	0.1875	0.078125	-0.125	-0.0625	0.015625	0.0273437	-0.00390625	-0.0234375	-0.00390625	0.0078125
0.101563	0.101562	-0.0390625	-0.121094	0.0195312	0.0195313	-0.203125	-0.09375	-4.44089e-16	0.148437	-0.0546875	0.0546875	0.0195312	0.0351562	-0.015625	-0.0351562	0	0.015625
-0.046875	0.0234375	-0.0234375	-2.22045e-16	-0.0234375	0.046875	-0.03125	0	0.140625	0.0859375	-0.0859375	-0.0546875	0.03125	0.03125	2.22045e-16	-0.03125	3.33067e-16	-2.22045e-16
0.0078125	0.078125	0.078125	-0.00390625	-0.0742188	-0.00390625	0.109375	-0.015625	-0.140625	-0.117188	0.132812	0.0078125	0.0195313	0.0429687	-0.0195312	-0.0410156	-0.00195313	0.0214844
0.0859375	0.0625	0.0234375	-0.0625	0	-0.0234375	0.078125	-0.125	-0.203125	-0.078125	0.203125	2.22045e-16	-0.0507812	-0.0195313	0.015625	0.0429687	-0.0234375	0.0078125
-0.015625	0.0546875	-0.03125	-0.0351562	-0.0195312	0.0507812	0.09375	0.078125	0.046875	-0.0625	-0.015625	-0.03125	0.0273438	0.0117188	0.0429687	0.00195312	-0.0136719	-0.0292969
0.0625	0.0859375	0.101562	-0.0234375	-0.0625	-0.0390625	0.140625	0.078125	0.0625	-0.078125	0	-0.0625	0.03125	-0.0195312	0.0195312	0.00390625	0.015625	-0.0351563
-0.015625	0.0390625	-2.22045e-16	-0.0117188	-0.0273437	0.0273438	-0.03125	0.046875	0.109375	0.046875	-0.09375	-0.015625	-0.015625	-0.00390625	-0.0507813	-0.015625	0.0195313	0.03125
-0.0078125	0.0234375	-0.015625	-0.015625	-0.0078125	0.0234375	-0.015625	0.03125	0.0625	0.0234375	-0.0546875	-0.0078125	-0.0234375	-0.015625	0.0117188	0.0253906	-0.00976563	-0.00195313
0.101562	0.0390625	0.0078125	-0.0664062	0.0273437	-0.0351563	0.03125	-0.125	-0.03125	0.03125	0.09375	-0.0625	0.03125	0.00390625	0.015625	-0.00976562	0.00585937	-0.0214844
-0.046875	0.046875	-0.09375	-0.046875	-4.44089e-16	0.09375	-0.046875	-0.046875	0.09375	0.09375	-0.046875	-0.046875	-0.015625	-0.0429688	0.0351562	0.046875	-0.00390625	-0.03125
0.0078125	0.046875	0.0078125	-0.0234375	-0.0234375	0.015625	0.046875	0.03125	-0.03125	-0.0546875	0.0234375	0.0078125	-0.0507813	0.015625	0.03125	0.0332031	-0.0488281	0.0175781
0.0390625	0.164062	0.117188	-0.0429688	-0.121094	0.00390625	-0.03125	-0.203125	0.015625	0.125	0.078125	-0.09375	0.0078125	0.00390625	-0.00390625	-0.0078125	0.00390625	-4.44089e-16
0.109375	0.101563	0.101563	-0.0546875	-0.046875	-0.0546875	-0.078125	0.015625	-0.046875	0.0078125	-0.0234375	0.0703125	0	-0.0351563	-0.0234375	0.00585938	0.0292969	-0.00585938
0.015625	0.101562	-0.015625	-0.0664062	-0.0351563	0.0507812	0.015625	-0.0625	0.09375	0.0703125	-0.0078125	-0.0859375	0.0273438	0.03125	0.0117187	-0.0234375	-0.0078125	-0.00390625
2.22045e-16	0.015625	-0.0078125	-0.0117188	-0.00390625	0.0117188	-0.03125	0.015625	0.046875	0.03125	-0.046875	-2.22045e-16	0.03125	0.0898438	-0.0195313	-0.0703125	-0.0195312	0.0390625
0.03125	0.0546875	0.0234375	-0.03125	-0.0234375	0	0.078125	0.03125	0.140625	0.015625	-0.046875	-0.09375	0.0351562	0.0273438	0.0195313	-0.0214844	-0.00585938	-0.0136719
-0.03125	0.140625	0.078125	-0.015625	-0.125	0.046875	0.140625	0.234375	-4.44089e-16	-0.1875	-0.046875	0.046875	-0.0585938	-0.0234375	-0.046875	0.0175781	0.00585937	0.0410156
-0.03125	0.0546875	-0.0546875	-0.0390625	-0.015625	0.0703125	0	0.0625	-0.03125	-0.046875	-0.015625	0.046875	0.0625	0.0117187	0.0390625	-0.0175781	0.00585938	-0.0449219
0.0234375	0.117188	0.0390625	-0.0507813	-0.0664062	0.0273438	0.09375	-0.09375	0.046875	0.0234375	0.0703125	-0.117187	-0.0273437	-0.0585938	-0.0546875	0.015625	0.0429688	0.0117188
0.0703125	0.0625	0.03125	-0.0507812	-0.0117188	-0.0195312	-0.078125	-0.078125	-0.109375	0.0234375	0.0546875	0.0546875	0.0195312	-0.0117188	0.00390625	-0.00195312	0.0136719	-0.0175781
0.03125	0.0390625	0.0546875	-0.0078125	-0.03125	-0.0234375	0.078125	0.09375	3.33067e-16	-0.0859375	-0.0078125	0.0078125	0.015625	-0.015625	0.046875	0.0234375	-0.0078125	-0.0390625
0.0390625	0.132812	0.0234375	-0.0742188	-0.0585937	0.0351563	0.140625	-0.015625	0.109375	-0.0078125	0.0234375	-0.132813	0.03125	-0.015625	0.0117187	-0.00195312	0.0175781	-0.0292969
0.0078125	0.0546875	-0.03125	-0.046875	-0.0078125	0.0390625	-0.03125	0.015625	-0.015625	0	-0.015625	0.03125	-0.0625	0.0234375	-0.0273438	0.00585937	-0.0292969	0.0566406
-0.0078125	0.09375	0.0234375	-0.03125	-0.0625	0.0390625	-0.046875	-0.078125	0	0.0625	0.015625	-0.015625	-0.0195312	0.03125	0.00390625	-0.00390625	-0.0273438	0.0234375
-0.0078125	0.0234375	-0.078125	-0.046875	0.0234375	0.0546875	0.015625	-0.09375	-0.046875	0.015625	0.078125	-0.03125	-0.0585938	0.0390625	0.0273437	0.0234375	-0.0625	0.0351563
0.140625	0.046875	0.015625	-0.0859375	0.0390625	-0.0546875	-0.046875	0.140625	-0.125	-0.109375	-0.03125	0.15625	0.0078125	-0.00390625	0.0585937	0.0273437	-0.0234375	-0.0351563
0.03125	0.0390625	-0.0078125	-0.0390625	-4.44089e-16	0.0078125	0.125	0.140625	0.0625	-0.101562	-0.0390625	-0.0234375	0.00390625	-0.0625	0.0273437	0.0429688	0.0195312	-0.046875
0.09375	0.0703125	-0.015625	-0.0898438	0.0195312	-0.00390625	-0.0625	0.140625	-0.046875	-0.0625	-0.078125	0.125	0.0390625	0	0.144531	0.0527344	-0.0527344	-0.0917969
0.0546875	0.0625	0.0546875	-0.03125	-0.03125	-0.0234375	0.140625	0.09375	0.03125	-0.101562	0.0078125	-0.0390625	-0.015625	-0.015625	0.0507812	0.0410156	-0.0253906	-0.0253906
0.0703125	0.015625	0.03125	-0.0273438	0.0117188	-0.0429688	0.125	0.015625	-0.015625	-0.078125	0.0625	-0.046875	0.0273438	0.0625	0.0234375	-0.0332031	-0.0292969	0.00585937
0.0078125	0.046875	-0.0546875	-0.0546875	0.0078125	0.046875	-0.015625	0.109375	-4.44089e-16	-0.046875	-0.0625	0.0625	0.0859375	-0.0117188	0.046875	-0.0136719	0.0253906	-0.0722656
0.078125	0.0234375	0.046875	-0.0273438	0.00390625	-0.0507812	-0.046875	0.140625	-0.015625	-0.0546875	-0.0859375	0.101563	-0.0117188	0.03125	-0.0390625	-0.0292969	-0.00195313	0.0410156
-0.0625	0.0234375	-0.046875	-0.00390625	-0.0195312	0.0664063	-0.03125	-0.046875	-0.03125	0.0234375	0.0234375	0.0078125	-0.0351563	-0.00390625	0.0351563	0.0371094	-0.0332031	-0.00195312
0.078125	0.125	-0.0078125	-0.105469	-0.0195312	0.0273438	0.015625	-0.015625	0.171875	0.0859375	-0.0703125	-0.101562	-0.0898438	-0.0585938	0.0429687	0.0957031	-0.0371094	-0.00585937
0.0703125	0.0625	0.0625	-0.0351563	-0.0273438	-0.0351562	-0.109375	0.046875	0.046875	0.0546875	-0.101563	0.0546875	-0.00390625	-0.015625	-0.015625	0.00195312	0.0136719	0.00195312
0.09375	0.046875	-0.0234375	-0.0820313	0.0351562	-0.0117187	0.0625	-0.125	0.15625	0.109375	0.015625	-0.171875	0.0742188	0.0625	0.0234375	-0.0566406	-0.00585938	-0.0175781
-0.0546875	0.140625	0.0234375	-0.03125	-0.109375	0.0859375	-0.0625	-0.046875	0.109375	0.109375	-0.0625	-0.046875	0.078125	0.00390625	0.0234375	-0.0292969	0.0253906	-0.0488281
0.046875	0.046875	0.078125	-0.0078125	-0.0390625	-0.0390625	0.0625	-0.0625	0.0625	0.03125	0.03125	-0.09375	-2.22045e-16	-0.015625	-0.0195312	-0.00195313	0.0175781	0.00195312
0.03125	0.046875	-0.046875	-0.0625	0.015625	0.03125	0.078125	-2.22045e-16	-0.015625	-0.046875	0.046875	-0.03125	0.0078125	0.0117187	0.0351562	0.0078125	-0.0195313	-0.015625
0.0546875	0.03125	0.046875	-0.0195312	-0.0117188	-0.0351563	0.046875	0.078125	0.09375	-0.015625	-0.0625	-0.03125	0.0234375	0.0507812	0.0078125	-0.0332031	-0.0175781	0.00976562
-0.03125	0.0546875	-0.015625	-0.0195312	-0.0351562	0.0507813	0.046875	0.15625	0.078125	-0.0625	-0.09375	0.015625	0.0117187	-0.0273438	0.0429688	0.0292969	-0.00195312	-0.0410156
-0.03125	0.0703125	-0.0625	-0.0507813	-0.0195312	0.0820312	-0.0625	-0.0625	-0.171875	-0.0234375	0.0859375	0.0859375	0.00390625	0.0117188	-0.0976562	-0.0566406	0.0449219	0.0527344
0.03125	0.0390625	0.015625	-0.0273437	-0.0117188	-0.00390625	0.09375	-0.09375	0.015625	0.0078125	0.0859375	-0.101563	-0.015625	0.046875	2.22045e-16	-0.015625	-0.03125	0.03125
-0.015625	0.0234375	-0.0078125	-0.0078125	-0.015625	0.0234375	0.125	0.03125	0.046875	-0.0546875	0.0234375	-0.0703125	0.09375	0.0351563	0.046875	-0.0410156	0.00585937	-0.0527344
0.117188	0.117187	0.132813	-0.0507813	-0.0664062	-0.0664063	-0.015625	-2.22045e-16	2.22045e-16	0.0078125	-0.0078125	0.0078125	-0.0273438	-0.0078125	-0.0351562	2.22045e-16	0.0078125	0.0273438
0.015625	0.0234375	-0.015625	-0.0273438	0.00390625	0.0117187	0.015625	0.09375	0.15625	0.0234375	-0.117188	-0.0390625	-0.00390625	0.00390625	-0.0117188	-0.00585937	0.00195313	0.00976563
0.0625	0.046875	0.0234375	-0.0429688	-0.00390625	-0.0195312	-0.078125	0.046875	-0.0625	-0.015625	-0.03125	0.09375	0.0195312	-0.0078125	-0.0078125	-0.00976562	0.0175781	-0.00976562
-0.0390625	0.0625	-0.046875	-0.0351562	-0.0273438	0.0742187	0.015625	0.15625	0.15625	-0.0078125	-0.148438	-0.0078125	0.0546875	-0.03125	0.0195313	-0.00195312	0.0332031	-0.0527344
0.132812	0.046875	0.046875	-0.0664062	0.0195313	-0.0664062	0.046875	0.03125	0.046875	-0.015625	-0.015625	-0.03125	-0.00390625	0.0546875	0.0429687	-0.00390625	-0.0507813	0.0078125
0.0078125	0.046875	0.0390625	-0.0078125	-0.0390625	3.33067e-16	0.03125	-0.140625	-0.03125	0.0390625	0.101563	-0.0703125	-0.00390625	0.0703125	0.0507813	-0.0078125	-0.0625	0.0117187
0.09375	0.0546875	0.0546875	-0.046875	-0.0078125	-0.046875	0.078125	-4.44089e-16	0.046875	-0.015625	0.015625	-0.0625	-0.0351562	-0.0742188	-0.0273437	0.0410156	0.0332031	-0.00585938
3.33067e-16	0.046875	0.03125	-0.0078125	-0.0390625	0.0078125	0.0625	0.078125	0.125	-0.0078125	-0.0703125	-0.0546875	-0.0117188	-0.0195313	-4.44089e-16	0.015625	0.00390625	-0.00390625
-0.015625	0.101562	0.0078125	-0.0390625	-0.0625	0.0546875	0.046875	-2.22045e-16	-0.15625	-0.101563	0.101562	0.0546875	0.0273438	0.0117188	0.0625	0.0117188	-0.0234375	-0.0390625
0.0234375	0.015625	-0.03125	-0.0351562	0.0195313	0.0117187	0.09375	0.28125	0.0625	-0.15625	-0.125	0.0625	-0.0234375	0.015625	0.0078125	0.0078125	-0.0234375	0.015625
0.015625	0.015625	-4.44089e-16	-0.015625	2.22045e-16	-2.22045e-16	2.22045e-16	-0.015625	0.078125	0.046875	-0.03125	-0.046875	0.0390625	0.00390625	-0.0078125	-0.0253906	0.0214844	-0.0136719
-0.0703125	0.015625	-0.078125	-0.0117188	-0.00390625	0.0820312	-0.015625	0.03125	0.03125	0.0078125	-0.0390625	0.0078125	-0.0703125	-0.0117188	0.015625	0.0488281	-0.0371094	0.0214844
0.0234375	0.0234375	-0.03125	-0.0390625	0.015625	0.015625	-0.03125	0.078125	0.09375	0.0234375	-0.101562	0.0078125	0.00390625	0.0195312	0.015625	-0.00390625	-0.015625	-4.44089e-16
0.125	0.0390625	0.148438	-0.0078125	-0.03125	-0.117188	-0.03125	0.140625	0.046875	-0.03125	-0.109375	0.0625	-0.0117188	0.0195313	-0.0078125	-0.0078125	-0.0117188	0.0195313
-0.0234375	0.03125	-0.0234375	-0.015625	-0.015625	0.0390625	0.125	-0.0625	-0.015625	-0.0390625	0.101562	-0.0859375	0.0273438	-0.0078125	0.0429688	0.0117188	-0.00390625	-0.0390625
0.101563	0.101563	0.0078125	-0.0976563	-0.00390625	-0.00390625	0.015625	-0.015625	0.140625	0.0703125	-0.0546875	-0.0859375	-0.0078125	-0.0390625	0.0507812	0.0488281	-0.00976563	-0.0410156
0.171875	0.0078125	0.015625	-0.0820312	0.0742188	-0.0898438	-0.109375	-0.015625	-0.078125	0.0234375	-0.0078125	0.0859375	-0.0273438	-0.0078125	-0.0585937	-0.0117188	0.0195312	0.0390625
-4.44089e-16	0.109375	-2.22045e-16	-0.0546875	-0.0546875	0.0546875	0.046875	0.046875	0.171875	0.0390625	-0.0859375	-0.0859375	-0.0078125	0.0195312	-0.015625	-0.0136719	-0.00585937	0.0214844
0.0390625	0.015625	0.0546875	-2.22045e-16	-0.015625	-0.0390625	-0.0625	0.140625	0.015625	-0.03125	-0.109375	0.09375	-0.0195312	-0.0273437	-0.0273438	0.00976562	0.0175781	0.00976563
0.0859375	0.0078125	0.046875	-0.0234375	0.015625	-0.0625	0.046875	-0.03125	-0.03125	-0.0234375	0.0546875	-0.0234375	0.0117187	0.0859375	0.0195312	-0.0390625	-0.046875	0.0273437
-4.44089e-16	0.09375	-0.0234375	-0.0585937	-0.0351562	0.0585937	-0.078125	-0.03125	0.046875	0.078125	-0.046875	-4.44089e-16	0.078125	0.015625	0.0976563	0.00195313	-0.0175781	-0.0800781
0.03125	0.078125	0.03125	-0.0390625	-0.0390625	0.0078125	0.015625	-0.0625	0.015625	0.03125	0.03125	-0.046875	0.0234375	0.0351563	0.00390625	-0.0273437	-0.0078125	0.00390625
-0.046875	0.015625	-0.0859375	-0.0273437	0.0117188	0.0742188	0.0625	0.078125	0.03125	-0.0546875	-0.0234375	-0.0078125	-0.0351563	-0.0351562	-0.00390625	0.0332031	0.00195312	0.00195313
0.03125	0.0390625	-0.0546875	-0.0625	0.0234375	0.03125	0.109375	0.171875	0.109375	-0.0859375	-0.0859375	-0.0234375	-0.0117187	0.015625	0.046875	0.0214844	-0.0371094	-0.00976562
-0.0625	0.125	-2.22045e-16	-0.03125	-0.09375	0.09375	0.046875	0.046875	0.203125	0.0546875	-0.101563	-0.101563	-0.0117188	0.015625	0	-0.00195313	-0.0136719	0.0136719
0.0234375	0.0625	0.078125	-0.00390625	-0.0585937	-0.0195312	-2.22045e-16	0.109375	-2.22045e-16	-0.0546875	-0.0546875	0.0546875	2.22045e-16	0.03125	-0.03125	-0.03125	-2.22045e-16	0.03125
-0.09375	0.0625	-0.09375	-0.03125	-0.03125	0.125	0.125	-4.44089e-16	-0.015625	-0.0703125	0.0703125	-0.0546875	0.0195312	0.0351563	0.0898437	0.0175781	-0.0527344	-0.0371094
-2.22045e-16	0.0390625	-0.015625	-0.0273438	-0.0117187	0.0273437	-0.03125	0.03125	-0.09375	-0.046875	0.015625	0.078125	-0.0117188	-0.0117187	-0.0195313	0.00195313	0.00976563	0.00976562
0.0234375	0.0078125	-0.015625	-0.0234375	0.015625	0	0.09375	0.03125	-0.0625	-0.09375	0.0625	-4.44089e-16	0.0429687	0.0117188	0.0351563	-0.00976563	-0.00195312	-0.0332031
-0.0234375	0.0390625	-0.09375	-0.0546875	0.015625	0.078125	-0.171875	0.109375	-0.109375	-0.0234375	-0.0859375	0.195312	0.0429688	-0.0351563	-0.0273438	-0.0175781	0.0527344	-0.0253906
-0.0625	0.0625	-0.015625	-0.0078125	-0.0546875	0.0703125	-0.03125	-0.0625	2.22045e-16	0.046875	0.015625	-0.015625	-0.03125	-0.0078125	-0.0117188	0.0136719	-0.00585938	0.0175781
0.03125	0.0625	0.015625	-0.0390625	-0.0234375	0.0078125	-0.15625	-0.109375	0	0.132812	-0.0234375	0.0234375	-0.0429688	0.0117188	-0.0429688	-0.00585938	-0.00585938	0.0488281
0.132812	0.015625	0.015625	-0.0664062	0.0507812	-0.0664062	0.078125	2.22045e-16	0.03125	-0.0234375	0.0234375	-0.0546875	0.0351562	0.03125	0.0625	-0.00195312	-0.0292969	-0.0332031
0.140625	0.0078125	0.09375	-0.0273437	0.0195312	-0.113281	-0.140625	0.015625	-0.09375	0.015625	-0.03125	0.125	0.0820312	0.0546875	0.0898438	-0.0234375	-0.03125	-0.0585938
0.078125	0.0078125	-2.22045e-16	-0.0429688	0.0351562	-0.0351563	0.015625	-0.03125	0.03125	0.0234375	0.0078125	-0.0390625	-0.015625	-0.0195313	-0.0078125	0.0136719	0.00585938	0.00195312
-0.0390625	0.046875	-0.0625	-0.0351562	-0.0117187	0.0742188	-0.015625	0.046875	-0.078125	-0.0546875	0.0078125	0.0703125	0.0351563	0.015625	0.078125	0.0136719	-0.0292969	-0.0488281
0.0390625	0.0703125	0.0546875	-0.0273438	-0.0429688	-0.0117188	-0.15625	0.078125	-0.09375	-0.0078125	-0.0703125	0.164062	0.0429688	0.0078125	0.0546875	0.00195313	-0.00976562	-0.0449219
-0.03125	0.117188	-0.0625	-0.0742187	-0.0429688	0.105469	-0.109375	0.03125	-0.03125	0.0234375	-0.0546875	0.0859375	0.03125	-0.0195312	-0.00390625	-0.0078125	0.0273438	-0.0234375
0.09375	0.0234375	-2.22045e-16	-0.0585938	0.0351563	-0.0351562	-0.046875	-0.03125	-0.015625	0.03125	-4.44089e-16	0.015625	0.0351562	-0.0078125	0.0273438	-4.44089e-16	0.0078125	-0.0351563
0.0859375	0.0390625	0.0625	-0.03125	-0.0078125	-0.0546875	0.171875	-0.046875	-0.078125	-0.101563	0.148437	-0.0703125	-0.0078125	0.0703125	0.128906	0.0332031	-0.103516	-0.0253906
0.0234375	0.0390625	-0.0625	-0.0625	0.0234375	0.0390625	0.0625	0.015625	-0.1875	-0.132812	0.117188	0.0703125	0.015625	0.0703125	0.0429688	-0.0214844	-0.0488281	0.00585938
0	0.046875	-0.0078125	-0.0273438	-0.0195313	0.0273438	-0.015625	-0.078125	-0.03125	0.03125	0.046875	-0.015625	0.0117187	-0.0351562	-0.0585938	-0.0175781	0.0527344	0.00585938
-0.03125	0.03125	-0.0390625	-0.0195313	-0.0117187	0.0507813	0.125	-0.0625	-0.0625	-0.0625	0.125	-0.0625	-0.0585937	-0.0351563	0.0078125	0.0507812	-0.015625	0.0078125
-0.0234375	0.0546875	0	-0.015625	-0.0390625	0.0390625	-0.09375	0.046875	-0.03125	0.0078125	-0.0546875	0.0859375	0.0742188	0.0195312	0.0703125	-0.0117187	-0.0078125	-0.0625
0.0078125	0.0234375	-0.0859375	-0.0585938	0.0351563	0.0507812	0.046875	0.03125	-0.078125	-0.078125	0.046875	0.03125	-0.015625	-4.44089e-16	-0.03125	-0.0078125	0.0078125	0.0234375
-0.0078125	0.015625	0.0078125	-2.22045e-16	-0.015625	0.0078125	0.09375	0.03125	-0.0625	-0.09375	0.0625	2.22045e-16	3.33067e-16	0.03125	-0.0585938	-0.0449219	0.0136719	0.0449219
0.0546875	0.0390625	0.03125	-0.03125	-0.0078125	-0.0234375	0.046875	0.03125	2.22045e-16	-0.0390625	0.0078125	-0.0078125	-0.0234375	-0.03125	0.0273438	0.0410156	-0.00976562	-0.0175781
-0.015625	0.0625	-0.0234375	-0.0351562	-0.0273438	0.0507813	-0.0625	-0.046875	-0.125	-0.0078125	0.0546875	0.0703125	-0.015625	0.0625	0.0390625	-0.00390625	-0.0585938	0.0195312
0.0234375	0.046875	0.0234375	-0.0234375	-0.0234375	-4.44089e-16	-0.03125	0.140625	0	-0.0546875	-0.0859375	0.0859375	0.015625	0.046875	0.078125	0.0078125	-0.0546875	-0.0234375
0.0703125	0.0234375	0.0625	-0.015625	-0.0078125	-0.0546875	0.046875	0	-4.44089e-16	-0.0234375	0.0234375	-0.0234375	0.00390625	0.015625	-0.0195313	-0.0195312	0.00390625	0.015625
0.0546875	0.0546875	0.078125	-0.015625	-0.0390625	-0.0390625	0.09375	-0.140625	0.140625	0.09375	0.046875	-0.1875	0.00390625	0.0625	-0.0507813	-0.0585938	-0.00390625	0.0546875
0.03125	0.078125	0.0234375	-0.0429688	-0.0351562	0.0117187	-0.015625	-0.015625	0	0.015625	0	-4.44089e-16	0.0625	0.0390625	-0.0546875	-0.078125	0.0390625	0.015625
0.078125	0.0390625	0.0390625	-0.0390625	0	-0.0390625	-0.109375	-0.078125	0.015625	0.101562	-0.0234375	0.0078125	0.046875	-0.0195312	0.03125	0.00195312	0.0175781	-0.0488281
0.0859375	0.015625	0.0546875	-0.0234375	0.0078125	-0.0625	0.03125	0.046875	0.03125	-0.0234375	-0.0234375	-0.0078125	-0.0507812	0.0234375	-0.0546875	-0.0136719	-0.00976563	0.0644531
0.078125	0.015625	-0.015625	-0.0546875	0.0390625	-0.0234375	0.046875	-0.046875	-0.125	-0.0625	0.109375	0.015625	0.00390625	-0.00390625	-0.0585938	-0.0292969	0.0332031	0.0253906
0.0703125	0.0078125	0.0625	-0.0078125	2.22045e-16	-0.0625	-0.0625	-0.078125	-0.15625	-0.0078125	0.0859375	0.0703125	-0.00390625	0.0664063	0.136719	0.0371094	-0.103516	-0.0332031
-0.0078125	0.0078125	-0.109375	-0.0546875	0.046875	0.0625	0.078125	-0.125	-0.109375	-0.03125	0.15625	-0.046875	-0.0078125	0.00390625	0.046875	0.0253906	-0.0292969	-0.0175781
-0.0390625	0.0703125	0.03125	-4.44089e-16	-0.0703125	0.0390625	-0.015625	-0.015625	-4.44089e-16	0.015625	-2.22045e-16	-4.44089e-16	0.046875	0.015625	0.0664063	0.00195312	-0.0175781	-0.0488281
0.0546875	0.0859375	0.078125	-0.03125	-0.0546875	-0.0234375	0.015625	-0.0625	-0.0625	-0.0078125	0.0703125	-0.0078125	0.00390625	0.03125	0.0820312	0.0234375	-0.0546875	-0.0273438
0.015625	0.09375	0.046875	-0.03125	-0.0625	0.015625	0.03125	0.15625	0.046875	-0.0703125	-0.0859375	0.0390625	-0.0078125	-0.0273438	-0.0390625	-0.00195312	0.0292969	0.00976562
-0.0234375	0.101562	-0.0390625	-0.0585938	-0.0429687	0.0820312	0.109375	-0.171875	-0.046875	0.0078125	0.164062	-0.117188	0.0390625	0.0117188	0.0429688	-0.00390625	-0.0078125	-0.0351562
-0.0390625	0.0546875	-2.22045e-16	-0.0078125	-0.046875	0.046875	0	0.140625	0.109375	-0.015625	-0.125	0.015625	0.015625	0.015625	0.0234375	-0.00390625	-0.0117187	-0.0117187
-0.0234375	0.0546875	-0.0546875	-0.0429688	-0.0117187	0.0664062	-0.109375	0.03125	-0.15625	-0.0390625	0.0078125	0.148437	0.00390625	0.0351563	0.078125	0.0195312	-0.0546875	-0.0234375
2.22045e-16	0.0546875	0.0390625	-0.0078125	-0.046875	0.0078125	-0.0625	0.140625	0.03125	-0.0234375	-0.117187	0.0859375	0.0117188	-4.44089e-16	-0.0390625	-0.0253906	0.0253906	0.0136719
0.117187	0.0390625	0.015625	-0.0703125	0.03125	-0.046875	0.03125	0.078125	0.015625	-0.046875	-0.03125	0.015625	-0.00390625	-0.0234375	0.03125	0.0292969	-0.00585937	-0.0253906
0.0703125	0.0078125	3.33067e-16	-0.0390625	0.03125	-0.03125	-0.0625	0.0625	0.046875	0.0234375	-0.0859375	0.0390625	-0.0234375	-0.0195313	0.0078125	0.0253906	-0.00585938	-0.00195312
-0.0078125	0.015625	-0.0546875	-0.03125	0.015625	0.0390625	-0.0625	-0.015625	-0.03125	0.0234375	-0.0078125	0.0390625	0.0390625	0.0234375	0.0585937	-0.00195313	-0.0214844	-0.0371094
0.0234375	0.0546875	-0.0078125	-0.0429688	-0.0117188	0.0195312	-0.09375	0.078125	-0.015625	2.22045e-16	-0.078125	0.09375	-0.0117188	0.0351562	0.0117187	-0.00585938	-0.0292969	0.0175781
-0.015625	0.0078125	-0.03125	-0.0117188	0.00390625	0.0273438	0.015625	-0.09375	-0.078125	3.33067e-16	0.09375	-0.015625	0.0195312	0.0585938	0.09375	0.0078125	-0.0664062	-0.0273438
-0.0234375	0.09375	-0.046875	-0.0585937	-0.0351562	0.0820312	0.046875	0.125	0.125	-0.0234375	-0.101562	-0.0234375	0.0234375	-0.015625	0.0507813	0.0214844	-0.00585937	-0.0449219
-0.0078125	0.0390625	-0.015625	-0.0234375	-0.015625	0.03125	-0.125	0.046875	-0.140625	-0.03125	-0.015625	0.15625	0.0898437	0.00390625	0.0859375	-0.00390625	0	-0.0859375
-0.0546875	0.015625	-0.101563	-0.03125	0.015625	0.0859375	0.046875	0.15625	0.0625	-0.0703125	-0.0859375	0.0234375	0.0507812	-0.0078125	0.0234375	-0.00976562	0.0175781	-0.0410156
0.03125	0.0390625	-0.0078125	-0.0390625	-4.44089e-16	0.0078125	0.046875	-0.140625	0.078125	0.0859375	0.0546875	-0.132813	0.0742187	0.0351562	0.0585937	-0.0253906	-0.00976563	-0.0488281
-0.015625	0.0234375	-0.0625	-0.0351562	0.0117188	0.0507813	0	-2.22045e-16	0.109375	0.0546875	-0.0546875	-0.0546875	0.113281	0.113281	-0.00390625	-0.115234	0.00195312	0.00195312
