     0.000000000         0.000000000         0.000000000
     2.545584440         0.000000000         0.000000000
     2.545584440         2.939387798         2.078460932
     1.272792220         2.204540730         6.235383034
     1.272792101         0.734846890         8.313844681
     5.091168880         0.000000000         6.235383034
     2.545584440         0.000000000        12.470766068
     6.363961220         6.613622189         0.000000000
     7.636753082         4.409081459         0.000000000
     6.363961220         5.143927574         2.078460932
     7.636753082         2.939387798         2.078460932
     5.091168880         4.409081459         6.235383034
     3.818376541         5.143927574         8.313844681
     3.818376541         2.204540730        12.470766068
     2.545584440         1.469693899        16.627689362
     2.545584440         0.000000000        18.706150055
    10.182337761         4.409081459         0.000000000
     8.909545898         3.674234152         4.156922340
     8.909544945         2.204540730         6.235383034
     3.818376541         5.143927574        14.549226761
     5.091168880         2.939387798        14.549226761
     2.545584440         2.939387798        20.784608841
     5.091168880         0.000000000        18.706150055
     3.818376303         0.734846890        20.784608841
     8.909545898         6.613622189         6.235383034
     7.636753082         7.348468304         8.313844681
     7.636753082         2.939387798        14.549226761
     8.909544945         0.734846890        14.549226761
     6.363961220         2.204540730        18.706150055
     3.818376541         3.674234152        22.863071442
    12.727922440         5.878775597         4.156922340
     8.909544945         8.083315849        10.392304420
     6.363961220         6.613622189        18.706150055
     8.909545898         3.674234152        16.627689362
     5.091168880         5.878775597        22.863071442
     7.636753559         1.469693899        22.863071442
    14.000714302         8.083315849         4.156922340
     6.363961220         8.083315849        22.863071442
    11.455130577         3.674234152        16.627689362
    10.182337761         2.939387798        20.784608841
    11.455128670         5.143927574        20.784608841
    14.000714302         8.083315849        16.627689362
    14.000714302         8.083315849        22.863071442
     1.272792220         2.204540730         0.000000000
     1.272792101         0.734846890         2.078460932
     2.545584440         1.469693899         4.156922340
     2.545584440         0.000000000         6.235383034
     3.818376541         5.143927574         2.078460932
     6.363961220         2.204540730         0.000000000
     5.091168880         1.469693899         4.156922340
     3.818376541         2.204540730         6.235383034
     2.545584440         2.939387798         8.313844681
     3.818376541         6.613622189         6.235383034
     6.363960743         3.674234152         4.156922340
     6.363961220         2.204540730         6.235383034
     7.636753082         0.000000000         6.235383034
     5.091168880         0.000000000        12.470766068
     6.363961220         8.083315849         4.156922340
     5.091168880         5.878775597        10.392304420
    10.182337761         1.469693899         4.156922340
     6.363960743         3.674234152        10.392304420
     2.545584440         4.409081459        18.706150055
     5.091168880         1.469693899        16.627689362
     2.545584440         1.469693899        22.863071442
     8.909544945         8.083315849         4.156922340
    11.455130577         3.674234152         4.156922340
     6.363961220         6.613622189        12.470766068
     8.909545898         3.674234152        10.392304420
     7.636753082         0.000000000        18.706150055
    11.455129623         6.613622189         6.235383034
    11.455128670         5.143927574         8.313844681
    10.182337761         5.878775597        10.392304420
    10.182337761         4.409081459        12.470766068
     8.909544945         5.143927574        14.549226761
    10.182337761         2.939387798        14.549226761
     8.909544945         2.204540730        18.706150055
    11.455129623         6.613622189        12.470766068
     7.636753082         7.348468304        20.784608841
     8.909544945         5.143927574        20.784608841
     7.636753082         5.878775597        22.863071442
    10.182337761         1.469693899        22.863071442
    14.000714302         8.083315849        10.392304420
    11.455129623         8.083315849        16.627689362
     8.909544945         8.083315849        22.863071442
    12.727921486         7.348468304        20.784608841
    12.727922440         5.878775597        22.863071442
     0.000000000         0.000000000         6.235383034
     2.545584440         4.409081459         0.000000000
     6.363960743         0.734846890         2.078460932
     1.272792101         0.734846890        14.549226761
     5.091168880         7.348468304         2.078460932
     8.909544945         2.204540730         0.000000000
     3.818376541         3.674234152        10.392304420
     2.545584440         4.409081459        12.470766068
     6.363960743         0.734846890         8.313844681
     3.818376303         0.734846890        14.549226761
     1.272792220         2.204540730        18.706150055
     1.272792101         0.734846890        20.784608841
     7.636753082         5.878775597         4.156922340
     6.363961220         6.613622189         6.235383034
     6.363961220         5.143927574         8.313844681
     5.091168880         4.409081459        12.470766068
     3.818376541         3.674234152        16.627689362
     6.363960743         0.734846890        14.549226761
    10.182337761         7.348468304         2.078460932
    10.182337761         5.878775597         4.156922340
     6.363961220         8.083315849        10.392304420
     7.636753082         5.878775597        10.392304420
     5.091168880         7.348468304        14.549226761
    10.182337761         2.939387798         8.313844681
     6.363961220         5.143927574        14.549226761
     5.091168880         5.878775597        16.627689362
     8.909544945         2.204540730        12.470766068
     7.636753559         1.469693899        16.627689362
     5.091168880         2.939387798        20.784608841
    11.455129623         8.083315849         4.156922340
     8.909545898         6.613622189        12.470766068
     7.636753082         7.348468304        14.549226761
     7.636753082         5.878775597        16.627689362
     7.636753082         4.409081459        18.706150055
     7.636753082         2.939387798        20.784608841
     6.363960743         3.674234152        22.863071442
    12.727922440         5.878775597        10.392304420
    10.182337761         5.878775597        16.627689362
    10.182337761         4.409081459        18.706150055
     8.909545898         3.674234152        22.863071442
    12.727921486         7.348468304        14.549226761
    12.727922440         5.878775597        16.627689362
    11.455129623         6.613622189        18.706150055
     3.818376541         2.204540730         0.000000000
     5.091168880         4.409081459         0.000000000
     5.091168880         2.939387798         2.078460932
     2.545584440         4.409081459         6.235383034
     3.818376303         0.734846890         8.313844681
     2.545584440         1.469693899        10.392304420
     1.272792220         2.204540730        12.470766068
     0.000000000         0.000000000        18.706150055
     7.636753559         1.469693899        10.392304420
     6.363961220         2.204540730        12.470766068
    10.182337761         4.409081459         6.235383034
     6.363960743         3.674234152        16.627689362
     5.091168880         4.409081459        18.706150055
     6.363960743         0.734846890        20.784608841
    10.182337761         7.348468304         8.313844681
     6.363961220         8.083315849        16.627689362
     6.363961220         5.143927574        20.784608841
    10.182337761         1.469693899        16.627689362
     8.909544945         8.083315849        16.627689362
    10.182337761         5.878775597        22.863071442
     5.091168880         0.000000000         0.000000000
     3.818376303         0.734846890         2.078460932
     0.000000000         0.000000000        12.470766068
     3.818376541         6.613622189         0.000000000
     3.818376541         3.674234152         4.156922340
     7.636753082         0.000000000         0.000000000
     5.091168880         5.878775597         4.156922340
     8.909544945         0.734846890         2.078460932
     7.636753559         1.469693899         4.156922340
     5.091168880         2.939387798         8.313844681
     5.091168880         1.469693899        10.392304420
     2.545584440         2.939387798        14.549226761
     8.909545898         6.613622189         0.000000000
     7.636753082         7.348468304         2.078460932
     8.909544945         5.143927574         2.078460932
     5.091168880         7.348468304         8.313844681
    10.182337761         2.939387798         2.078460932
     7.636753082         4.409081459         6.235383034
     3.818376541         6.613622189        12.470766068
     7.636753082         2.939387798         8.313844681
     8.909544945         0.734846890         8.313844681
     7.636753082         0.000000000        12.470766068
     3.818376541         2.204540730        18.706150055
    11.455129623         6.613622189         0.000000000
    11.455128670         5.143927574         2.078460932
     8.909544945         5.143927574         8.313844681
     7.636753082         4.409081459        12.470766068
     3.818376541         6.613622189        18.706150055
    10.182337761         1.469693899        10.392304420
     3.818376541         5.143927574        20.784608841
     5.091168880         1.469693899        22.863071442
    12.727921486         7.348468304         2.078460932
    11.455130577         3.674234152        10.392304420
     5.091168880         7.348468304        20.784608841
     8.909544945         0.734846890        20.784608841
    12.727921486         7.348468304         8.313844681
    11.455129623         8.083315849        10.392304420
    10.182337761         7.348468304        14.549226761
    11.455128670         5.143927574        14.549226761
     8.909545898         6.613622189        18.706150055
    10.182337761         7.348468304        20.784608841
    11.455130577         3.674234152        22.863071442
    11.455129623         8.083315849        22.863071442